Number of features: 10000

00
0000
0001
0005
0006
0008
001
0013
0015
0016
0017
0019
0027
0032
0038
0043
0044
0047
0049
0050
0051
0052
0055
0056
0058
0060
0063
0064
0067
0069
0073
0074
0075
0076
0078
0080
0081
0083
0087
0088
0091
0092
0093
0094
0096
0097
01
0109
0111
0112
0113
0116
0119
0120
0121
0122
0123
0124
0129
0130
0131
0138
0139
0141
0142
0146
0149
0151
0152
0153
0155
0156
0157
0158
0159
0162
0166
0169
0170
0173
0174
0175
0177
0178
0180
0181
0183
0186
0188
0189
0191
0192
0195
0196
0197
0199
02
0200
0201
0205
0208
0210
0214
0215
0220
0222
0230
0233
0236
0240
0241
0242
0246
0250
0251
0252
0254
0255
0256
0258
0260
0263
0266
0267
0272
0275
0276
0279
0280
0281
0284
0285
0286
0290
0291
0293
0295
03
0303
0305
0310
0311
0312
0315
0318
0319
0321
0322
0327
0328
0330
0332
0335
0339
0340
0341
0343
0344
0345
0346
0348
0349
0350
0351
0352
0355
0357
0360
0364
0367
0368
0370
0371
0373
0374
0375
0379
0381
0382
0387
0391
0392
0394
0396
04
0411
0415
0416
0423
0426
0427
0428
0431
0432
0433
0434
0435
0437
0438
0440
0441
0443
0445
0447
0448
0450
0452
0453
0457
0461
0462
0463
0464
0466
0467
0469
0470
0475
0479
0481
0482
0485
0486
0487
0490
0491
0493
0494
0497
0498
05
0500
0502
0503
0504
0507
0510
0513
0516
0518
0519
0521
0522
0523
0525
0527
0529
0531
0535
0537
0538
0542
0544
0550
0551
0558
0561
0563
0565
0566
0569
0570
0573
0575
0576
0578
0580
0581
0582
0585
0586
0590
0591
0598
06
0601
0602
0603
0607
0608
0613
0614
0615
0616
0617
0619
0620
0623
0628
0634
0639
0640
0641
0643
0648
0652
0653
0657
0658
0659
0662
0663
0664
0666
0668
0671
0672
0673
0674
0678
0679
0680
0681
0684
0688
0690
0691
0693
0694
0695
0696
07
0701
0702
0703
0705
0708
0711
0715
0718
0724
0730
0731
0732
0734
0735
0737
0738
0739
0744
0745
0747
0751
0752
0753
0754
0758
0760
0761
0763
0766
0767
0768
0769
0771
0773
0774
0779
0781
0782
0784
0785
0786
0787
0789
0791
0798
0799
08
0800
0802
0806
0809
0814
0815
0821
0822
0823
0824
0827
0830
0831
0837
0838
0843
0845
0850
0855
0856
0857
0862
0867
0870
0871
0874
0876
0880
0881
0882
0886
0889
0890
0894
0895
0896
0898
0899
09
0900
0901
0902
0907
0909
0911
0912
0913
0916
0919
0921
0926
0927
0933
0934
0935
0942
0945
0949
0951
0952
0954
0957
0961
0962
0963
0964
0966
0969
0970
0972
0978
0980
0989
0990
0993
0994
0997
0998
0999
10
100
1002
1003
1004
1005
101
1015
102
1020
1021
1024
1025
1029
103
1030
1034
1036
1038
104
1046
1047
1048
105
1050
1058
106
1063
1067
1069
107
1070
1071
1077
1078
108
1086
1087
1088
1089
109
1090
1094
1096
1097
1098
11
110
1103
1109
111
1112
1114
1115
112
1121
1124
1125
1126
1128
113
1130
1131
1132
1135
1136
1137
114
1141
1142
1145
1149
115
1150
1151
1156
1157
116
1164
1165
1166
1167
1168
1169
117
1176
1177
1179
118
1180
1182
1183
1184
1185
1186
119
1192
1193
1194
1197
1198
12
120
1201
1203
1205
1206
1207
1208
121
1210
1214
1215
1219
122
1223
1226
123
1231
1232
1237
1239
124
1242
1245
1246
1248
1249
125
1250
1252
1255
1257
1258
126
1260
1261
1262
1264
1266
1267
1269
1270
1275
1276
1278
128
1283
1285
1288
129
1294
1295
1298
13
130
1301
1302
1303
1305
1307
131
1314
1315
1317
132
1321
1322
1323
1324
1326
1327
1328
1329
133
1331
1333
1334
1337
134
1343
1344
1345
1347
1348
1349
135
1350
1357
136
1360
1365
1366
137
1370
1371
1372
1373
1377
1379
138
1381
1383
1386
1387
1388
139
1390
1392
1393
1396
1397
14
140
1401
1403
1408
141
1410
1412
1414
1415
1417
1418
142
1421
1423
1425
1429
143
1430
1435
1437
144
1441
1442
1443
1445
1447
1449
145
1450
1451
1452
1455
1457
1458
146
1460
1463
1466
1467
147
1472
1473
1475
1477
148
1482
1486
1489
149
1490
1496
1497
15
150
1500
1504
1505
1508
1509
151
1513
1514
1516
1518
152
1521
1525
1527
153
1534
1536
1538
154
1540
1542
1545
1546
1548
155
1551
1555
1558
156
1560
1561
1562
1564
1565
1568
157
1571
1572
1573
1575
1578
158
1580
1585
1586
159
1592
1593
1594
1595
1597
16
160
1602
1604
1608
161
162
1620
1624
1626
1628
1629
163
1630
1631
1632
1636
1639
164
1641
1643
1644
1647
1649
165
1650
1651
1654
1655
1658
1659
166
1660
1666
1667
1668
1669
167
1670
1672
1674
1676
1677
1678
168
1680
1682
1684
1685
1686
1689
169
1693
1696
1698
1699
17
170
1701
1703
1706
1707
1708
1709
171
1710
1712
1713
1715
1717
172
1725
1728
173
1734
1738
174
1740
1743
1746
1747
1749
1752
1753
1757
1758
176
1761
1763
1764
1768
177
1774
1776
1777
1778
178
1781
1782
1783
1784
1785
1789
179
1790
1791
1795
1798
18
180
1802
1803
1804
1806
1809
181
1811
1813
1815
1818
182
1820
1821
1822
1827
1828
183
1830
1832
1833
1834
1837
1839
184
1843
1844
1846
1847
185
1850
1852
1857
186
1862
1864
1867
1868
187
1870
1879
188
1885
1887
1888
189
1890
1892
1893
1894
1896
1898
19
1901
1902
1904
1906
1908
191
1910
1911
1913
1916
1917
1918
192
1922
1925
1927
1928
193
1931
1933
1939
194
1942
1946
1948
1949
195
1952
1953
1954
1955
1957
196
1963
1967
1969
197
1970
1971
1972
1973
1974
1975
1976
1977
1978
1979
198
1980
1981
1982
1983
1984
1985
1986
1987
1988
1989
199
1990
1991
1992
1993
1994
1995
1996
1997
1998
1999
20
200
2000
2001
2002
2003
2004
2005
2006
2007
2008
2009
201
2010
2011
2012
2013
2014
2015
2016
2017
2018
2019
202
2020
2021
2022
2023
2024
2026
2027
2028
203
2030
2035
2036
2037
204
2040
2041
2042
2044
2045
2048
2049
205
2051
2053
2057
2058
206
2060
2063
2066
2069
207
2070
2071
2072
2076
2078
208
2080
2082
2083
2084
2085
2087
2088
2089
209
2090
2091
2096
2097
2099
21
210
2100
2101
2102
2103
2107
211
2111
2112
2113
2115
2118
212
2120
2123
2125
2127
2128
213
2130
2131
2132
2133
2134
2135
214
2142
2148
215
2152
2153
2155
2156
2157
2158
216
2163
2164
2165
2166
2167
2168
217
2171
2172
2176
2178
2179
218
2182
2183
2184
2185
2187
2189
219
2191
2196
2199
22
220
2200
2203
2206
2207
2209
221
2210
2211
2214
2216
222
2220
2222
2223
2227
2229
223
2231
2233
2234
2235
224
2240
2243
2244
2247
225
2250
2252
2254
2256
2257
226
2261
2264
2266
2268
227
2272
2276
2277
2278
228
2286
2287
2288
2289
229
2290
2296
2297
23
230
2305
2306
2308
2309
231
2311
2314
2315
2317
232
2321
2325
2326
233
2331
2332
2333
2336
234
2341
2343
2346
2347
235
2350
2354
2358
236
2360
2362
2364
2365
2367
2369
237
2372
2378
2379
238
2380
2381
2382
2384
2386
2387
239
2392
2394
2395
2398
24
240
2400
2401
2402
2405
2406
2407
241
2410
2412
2416
2419
242
2420
2424
2426
2427
243
2432
2433
2435
2436
2438
2439
244
2442
2443
2444
2447
2449
245
2453
2455
2456
2457
246
2461
2464
2468
247
2470
2474
2475
2476
248
2480
2481
2482
2483
2485
2487
2489
249
2491
2495
2498
2499
25
250
2500
2502
2503
2505
2507
2508
251
2510
2511
2513
2516
2517
2519
252
2520
2522
2524
2525
2527
2529
253
2530
2531
2532
2533
2535
2536
2537
254
2541
2544
2545
2546
2547
2548
255
2550
2554
2555
256
2560
2562
2564
2566
2567
2569
257
2572
2574
2576
2579
258
2584
2588
2589
259
26
260
2603
2607
2608
2609
261
2612
2613
2614
2615
2617
2619
262
2621
2624
263
2633
2634
2637
264
2640
2643
2649
265
2651
2652
2653
2655
2656
2658
266
2661
2668
2669
267
2671
2672
2673
2676
2679
268
2680
2681
2684
2687
2688
269
2690
2691
2692
2693
2694
2697
2698
2699
27
270
2700
2703
2704
271
2711
2713
2714
2718
272
2722
2725
2726
2727
2728
273
2730
2731
2733
2735
2737
2738
274
2744
2745
2747
2748
275
2752
2756
2758
276
2761
2764
277
2770
2771
2773
2775
2776
278
2780
2783
2784
2785
2789
279
2790
2791
2794
2795
2797
28
280
2803
2805
2806
2809
281
2811
2812
2819
282
2821
2822
2823
2824
2826
2828
283
2834
2836
2838
284
2842
2843
2844
2845
2847
2848
2849
285
2850
2851
2852
2854
2857
2859
286
2861
2864
2865
2866
2867
2868
287
2870
2871
2877
288
2882
2883
2884
2885
2888
2889
289
2890
2891
2893
2898
2899
29
290
2903
2904
2906
2907
2908
2909
291
2910
2912
2914
2918
2919
292
2922
2923
2924
2927
2929
293
2930
2931
2935
2937
2938
294
2941
2942
2943
2944
295
2952
2953
2955
2956
2958
2959
296
2961
2964
2966
2967
297
2971
2973
298
2980
2981
2982
2985
2989
299
2995
2997
30
300
3000
3002
3006
3009
301
3010
3012
3014
3015
3016
3017
3018
302
3022
3023
3025
303
3031
3032
3033
3034
3035
3037
3038
304
3042
3044
3045
305
3050
3053
3055
3058
306
3060
3062
3064
3066
3069
307
3070
3071
3074
3075
3076
308
3081
3082
3083
3085
3087
3088
3089
309
3090
3095
3096
3097
31
310
3100
3101
3104
3105
311
3111
3113
3114
3116
3118
3119
312
3120
3124
3125
3126
3128
313
3134
3135
3136
3137
3138
3139
314
3143
3148
3149
315
3150
3152
3157
3158
316
3161
3162
3163
3164
3165
3167
317
3171
3173
3174
3178
318
3180
3181
3183
3184
3187
319
3195
3196
3199
32
320
3200
3204
3209
321
3210
3212
3213
3214
3216
3217
3219
322
3221
3224
3228
3229
323
3231
3233
3234
3237
324
3240
3241
3244
3248
325
3250
3251
3252
3253
3256
3257
3258
326
3260
3261
3265
3267
3268
3269
327
3270
3272
3274
328
3283
3286
3287
3289
329
3292
3294
3295
3296
33
330
3301
3304
3306
3307
3308
331
3310
3311
3313
3314
3315
3319
332
3320
3322
3324
3325
333
3330
3334
3336
3339
334
3343
3344
3346
3347
335
3350
3354
3355
3359
336
3360
3361
3364
3365
3368
3369
337
3371
3374
3375
3379
338
3380
3384
3388
339
3390
3393
3394
34
340
3400
3401
3403
3405
3407
3409
341
3413
3415
3417
342
3420
3422
3428
3429
343
3435
3437
344
3440
3441
3445
345
3450
3451
3453
3459
346
3460
3461
3463
3464
3468
347
3470
3472
3478
348
3483
3484
3485
349
3490
3491
35
350
3506
3508
3509
351
3513
3516
3518
352
3520
3523
3524
3526
3527
3528
3529
353
3531
3532
3533
3535
354
3542
3549
355
3550
3551
3552
3553
3557
356
3561
3566
357
3572
3573
358
3580
3581
3584
3587
3588
359
3594
3596
36
360
3600
3602
3603
3609
361
3610
3611
3612
3615
3616
362
3620
3628
3629
363
3635
3638
364
3642
3647
3648
3649
365
3651
3652
3653
3654
3655
366
3660
3663
3664
3665
3667
3668
3669
367
3672
3673
3675
3679
368
3680
3683
3684
3685
3686
3688
369
3690
3692
3695
3698
37
370
3700
3701
3703
3704
3706
371
3710
3714
372
3720
3723
3724
3726
373
3733
3739
374
3743
3744
3748
375
3750
3751
3752
3753
3754
376
3760
3761
3762
3763
3766
3767
3769
377
3773
3774
3778
3779
378
3782
3786
3788
379
3791
3792
3793
3795
3797
38
380
3802
3804
3806
3807
3808
381
3812
3813
3816
3817
3818
382
383
3831
3833
3835
3836
3838
384
3841
3844
3845
3846
3849
385
3850
3851
3852
3853
3857
386
3861
3862
3864
3869
387
3871
3874
3875
3877
3878
388
3883
3885
3886
3887
3888
389
3890
3891
3893
3894
3898
39
390
3900
3902
3903
3904
3905
3906
3907
3909
391
3913
3914
3917
3918
3919
392
3920
3924
3926
3929
393
3930
3932
3933
3936
394
3940
3943
3945
3947
3949
395
3953
3954
3955
3959
396
3963
3964
3965
397
3970
3974
3975
3976
3978
398
3982
3987
3989
399
3990
3992
3994
3999
40
400
4000
4001
4004
4007
4008
401
4010
4013
4014
4018
402
4020
4022
4023
4024
4025
4026
4027
4028
403
4030
4031
4032
4034
4035
4037
4038
404
4044
4045
4047
4048
405
4050
4051
4058
406
4061
4063
4065
4069
407
4070
4071
4075
4076
4078
408
4081
4082
4084
4085
4086
4088
4089
409
4091
4092
4094
4095
4099
41
410
4100
4102
4103
4108
411
4110
4111
4112
4115
4116
4118
4119
412
4121
4123
4124
4125
4126
4127
413
4130
4131
4132
4134
4135
4136
414
4141
4142
4144
4145
4146
4147
4148
415
4150
4151
4155
4158
416
4162
4165
4166
4168
4169
417
4172
4174
4175
4177
4178
418
4180
4181
4182
4183
4184
4186
4187
4188
4189
419
4190
4195
4197
4198
4199
42
420
4201
4202
4203
4204
4208
421
4210
4211
4212
4218
422
4220
4224
4225
4226
4229
423
4230
4231
4233
4237
424
4242
4246
4247
425
4251
4252
4255
4256
4258
4259
426
4262
4269
427
4270
4271
4272
4273
4274
428
4281
4283
4286
4287
4288
4289
429
4293
4299
43
430
4300
4301
4302
4305
4307
431
4311
4315
4317
4319
432
4321
4322
4324
4325
4326
433
4330
4331
4332
4334
4335
4338
434
4340
4345
4348
4349
435
4353
4356
4357
4358
436
4362
4363
4365
4367
437
4370
4373
4375
4376
4379
438
4381
4387
4388
4389
439
4390
4391
4393
4396
4397
44
440
4400
4401
4402
4403
4406
4407
4409
441
4417
4419
442
4420
4421
4424
4425
4428
443
4430
4434
4436
444
4440
4447
4448
4449
445
4452
4459
446
4462
4466
447
4473
4475
4477
4478
4479
448
4480
4485
4487
4488
4489
449
4490
4493
4497
45
450
4501
4502
4503
4507
4509
451
4511
4513
4516
4517
452
4520
4521
4522
4523
4525
4528
453
4530
4531
4534
4536
4538
454
4540
4542
4544
4545
4547
4549
455
4553
4558
456
4561
4562
4564
4567
457
4571
4574
4576
4577
4579
458
4580
4581
4582
4584
4585
4586
4588
4589
459
4591
4595
4596
4599
46
460
4600
4603
4608
4609
461
4610
4614
4618
462
4620
4623
4624
4628
4629
463
4637
464
4640
4641
4642
4643
4645
4646
4648
4649
465
4650
4652
4653
4655
466
4661
4662
4665
467
4672
4676
4677
4678
4679
468
4680
4681
4686
4689
469
4694
47
470
4700
4707
4708
471
4710
472
4721
4722
4724
4729
473
4730
4731
474
4742
4743
4744
4745
475
4750
4751
4752
4753
4755
4757
476
4767
4768
477
4772
4773
4776
4778
4779
478
4781
4782
4784
4787
4788
4789
479
4792
4793
4794
4799
48
480
4801
4807
481
4810
4812
4813
482
4820
4822
4825
4826
4827
4828
483
4836
4839
484
4841
4844
4847
4848
485
4851
4854
4855
4856
4857
4858
486
4860
4861
4862
4863
4866
4869
487
488
4880
4881
4884
4885
4886
4888
489
4890
4892
4895
4897
49
490
4906
4907
491
4910
4912
4913
4914
4916
4919
492
4920
4921
4922
4923
4926
4928
493
4933
4935
4937
494
4941
4942
4945
4947
4949
495
4950
4952
4954
4956
4957
4959
496
4960
4962
4964
4965
4966
4967
4968
4969
497
4972
4973
4975
4976
4979
498
4980
4983
4988
499
4990
4991
4992
4993
4998
50
500
5000
5001
5003
5004
501
5010
5011
5016
5019
502
5020
5021
5022
5023
5025
5026
5028
5029
503
5037
5039
504
5040
5041
5044
5045
5047
5049
505
5051
5053
5056
5057
506
5061
5063
5064
5067
507
5070
5071
5072
5076
508
5080
5082
5084
5085
5087
5089
509
5090
5094
5098
51
510
5100
5103
5104
5105
5106
5109
511
5112
5114
5115
5116
5119
512
5122
5124
5125
5128
513
5131
5132
5133
5136
5139
514
5140
5141
5145
515
5152
5154
5157
516
5164
5168
517
5172
5174
518
5180
5182
5184
5186
5188
519
5190
5196
5197
5198
52
520
5203
5204
5207
5209
521
5211
5213
5214
5215
5217
522
5220
5223
5224
5226
5227
5228
523
5230
5231
5234
5236
5237
5238
524
5241
5242
5247
5248
5249
525
5256
5258
5259
526
5260
5263
5264
5265
5266
5267
5268
5269
527
5270
5271
5274
5276
528
5280
5281
5284
5285
5287
5289
529
5291
5292
5296
5297
5299
53
530
5300
5302
5304
5305
5308
5309
531
5310
5313
5315
5317
5318
532
5320
5321
5323
5325
5326
5328
5329
533
5333
5334
5335
5336
5337
5339
534
5340
5342
5343
5345
535
5353
5354
5355
5356
536
5361
5363
5366
5368
5369
537
5370
5376
5377
5378
5379
538
5380
5382
5383
5384
5387
5389
539
5391
5393
5394
5396
5397
5399
54
540
5403
5407
5408
541
5410
5411
5413
5415
5416
5417
5418
542
5424
5425
5426
5428
5429
543
5430
5432
5433
5437
5438
544
5441
5445
5447
5448
5449
545
5450
5451
5452
5456
5458
546
5460
5461
5462
5464
5465
5466
5469
547
5473
5474
5476
5477
548
5480
5481
5485
5488
549
5491
5492
5499
55
550
5508
5509
551
5510
5514
5517
5518
552
5524
5527
5529
553
5530
5532
5535
5536
5538
554
5541
5544
5546
5547
5548
555
5551
5552
5553
5554
5555
5556
5557
556
5560
5563
5565
5568
557
5571
5573
5574
5577
558
5586
5588
559
5592
5593
5594
5598
5599
56
560
5602
5604
5605
5607
561
5614
5615
5617
5619
562
5620
5624
5626
5628
5629
563
5630
5631
5632
5635
5636
5638
5639
564
5640
5647
565
5650
5652
5654
5656
5658
5659
566
5660
5662
5666
5668
567
5670
5672
5673
5676
5679
568
5680
5681
5682
5684
5686
5687
5689
569
5690
5691
5692
5693
5694
5697
5699
57
570
5700
5703
5704
5708
5709
571
5712
5713
5715
5716
5718
572
5720
5721
5722
5726
5727
5729
573
5730
5732
5734
5736
5737
574
5742
5744
5746
5749
575
5752
5754
5756
5757
576
5761
5762
5764
5766
577
5772
5773
5774
5778
578
5781
5785
5786
5787
5789
579
5791
5793
5795
5796
5798
58
580
5801
5802
5803
5804
5809
581
5811
5819
582
5820
5821
5825
5826
5827
5828
583
5830
5831
5834
5835
5838
584
5840
5844
5845
5848
585
5850
5858
5859
586
5860
5862
5863
5865
5869
587
5871
5876
5878
588
5886
5888
5889
589
5890
5892
5893
5895
5896
5897
5899
59
590
5900
591
5914
5915
592
5924
5928
593
5933
5934
5935
5938
594
5940
5943
5944
5945
5946
5949
595
5954
5957
5959
596
5960
5963
5965
5966
5967
597
5970
5972
5974
5976
5977
598
5982
5983
5984
5986
5987
5988
599
5992
5993
5995
5997
60
600
6001
6003
6004
6005
6006
601
6013
6014
6016
6017
6019
602
6021
6023
6024
6025
6026
6029
603
6032
6034
604
6043
6046
6049
605
6051
6052
6053
6055
6056
606
6062
6063
6065
6067
6069
607
6074
6075
608
6081
6084
6088
609
6091
6097
61
610
6101
6102
6104
6106
6108
6109
611
6112
6113
6114
6117
6118
6119
612
6120
6122
6124
6126
6127
6129
613
6138
6139
614
6142
6144
6145
6146
6147
6149
615
6155
6157
6158
616
6160
6162
6165
6166
6169
617
6173
6176
6177
6178
6179
618
6184
6185
619
6191
6193
6194
6195
62
620
6201
6206
6208
6209
621
6210
6211
6213
6217
622
6221
6222
6223
6224
6227
6229
623
6231
6232
6233
6235
6238
6239
624
6241
6242
6248
625
6250
6252
6254
6256
6257
6259
626
6260
6267
6269
627
6270
6272
6276
628
6283
6287
629
6291
6294
6295
6296
6297
63
630
6301
6305
6306
6307
6308
6309
631
6310
6311
6312
6314
6315
6316
632
6320
6323
6324
6326
6327
6329
633
6331
6334
6336
6337
6338
634
6341
6345
6348
635
6350
6351
6354
6355
6357
6358
636
6362
6363
6368
637
6370
6371
6372
6373
6374
6375
6376
6378
638
6385
639
6390
6391
6392
6397
64
640
6400
6402
6405
641
6410
6414
6417
642
6420
6422
6424
6425
6426
6427
6428
6429
643
6431
6433
6435
6438
644
6440
6442
6443
6444
6448
6449
645
6451
6456
6457
6459
646
6461
6463
6464
647
6472
6474
6475
6476
6477
6478
648
6481
6482
6484
6487
6488
649
6490
6491
6493
6497
6499
65
650
6500
6503
6504
6506
6508
6509
651
6510
6511
6512
6513
6515
6516
6518
6519
652
6523
6525
6528
6529
653
6530
6531
6532
6535
6537
6538
6539
654
6541
6542
6543
655
6550
6552
6553
6557
656
6563
6567
6568
657
6570
6574
658
6580
6583
6584
6585
6586
6587
6588
659
6592
6594
6595
6596
6597
6599
66
660
6602
6604
6607
6608
661
6612
6613
6615
6616
662
6620
6625
6626
6629
663
6630
6633
6634
6636
6638
6639
664
6642
6644
6646
6648
665
6654
6656
6657
666
6664
6665
6667
667
6670
6673
6674
6676
6678
6679
668
6682
6683
6688
669
6690
6691
6697
67
670
6704
6705
6706
6707
6708
671
6713
6714
6715
6716
6717
6718
672
6720
6721
6723
6724
6727
6728
6729
673
6732
6733
6735
6736
6737
6738
674
6743
6744
6745
6746
6748
6749
675
6752
6753
6754
6757
6758
6759
676
6762
6763
6766
6767
677
6770
6772
6774
6776
6779
678
6781
6782
679
6790
6792
6793
6794
6796
6797
6798
6799
68
680
6807
681
6812
6813
6814
6815
6816
6817
6818
682
6820
6822
6824
6826
6827
6828
683
6831
6833
6835
6838
6839
684
6843
6844
6845
6846
685
6850
6852
6853
6854
6856
6857
686
6860
6862
6863
6864
6865
6867
6868
687
6870
6873
688
6880
6883
6885
6886
6887
689
6890
6891
6898
6899
69
690
6903
6904
6906
6908
691
6914
6915
6916
692
6920
6922
6926
6928
6929
693
6932
6936
6938
6939
694
6940
6943
6944
6949
695
6950
6951
6953
6954
6956
6958
696
6964
6966
6967
6968
697
6975
6979
698
6981
699
6994
6995
6996
6997
6999
70
700
7003
7006
7008
7009
701
7010
7016
7017
7018
7019
702
7021
7024
7025
7026
7028
703
7030
7034
7036
7037
704
7042
7043
7045
7046
7048
7049
705
7050
7057
7058
7059
706
7060
7061
7063
7065
7066
707
7070
7072
7073
7074
7075
7077
7078
7079
708
7081
7082
7083
7084
7085
7086
709
7090
7091
7092
7095
7096
71
710
7101
7105
7106
711
7110
7117
712
7121
7122
7123
7126
7127
7128
7129
713
7130
7134
7137
7139
714
7140
7147
7148
7149
715
7155
7157
7158
7159
716
7163
7164
7165
7166
7167
717
7172
7173
7174
7175
7177
7178
718
7188
719
7192
7193
7194
7196
7197
72
720
7202
7204
7207
7208
721
7212
7214
7218
7219
722
7220
7221
7222
7225
7229
723
7230
7233
7235
7236
7239
724
7243
7246
7247
7248
7249
725
7257
7258
726
7261
7262
7263
7264
7268
727
7271
7275
7277
7278
7279
728
7280
7283
7287
7289
729
7292
7294
7296
7298
73
730
7300
7301
7304
7309
731
7312
7314
7317
7319
732
7320
7321
7322
7324
7326
7327
7328
733
7330
7334
7336
7339
734
7344
7346
735
7350
7355
736
7361
7363
7366
7367
7369
737
7371
7374
738
7381
7383
7384
7386
739
7390
7392
7396
7397
7398
7399
74
740
7401
7404
7405
7406
7408
7409
741
7416
7417
7419
742
7422
7423
743
7431
7433
7434
7435
7436
7438
744
7444
7446
7448
745
7450
7452
7453
7455
746
7460
7464
7466
7469
747
7476
7479
748
7482
7485
7486
7487
7489
749
7491
7499
75
750
7500
7501
7502
7503
7504
7506
7507
751
7512
7514
7515
7518
752
7522
7526
7529
753
7530
7533
7536
7537
7538
7539
754
7542
7544
7545
7547
7548
7549
755
7550
7555
756
7561
7563
7564
7565
7567
7568
7569
757
7571
7572
7573
7575
7576
7577
7578
758
7582
7584
7587
759
7592
7593
7597
76
760
7600
7601
7602
7607
7608
7609
761
7612
7614
7619
762
7623
7624
7625
7629
763
7631
7635
7639
764
7641
7642
7645
7648
7649
765
7650
7651
7652
7654
7655
7658
766
7660
7664
7667
7668
767
7670
7672
7678
7679
768
7680
7684
7686
7689
769
7690
7691
7693
7694
7696
7697
7698
7699
77
770
7705
771
7710
7711
7713
7717
772
7724
7725
7726
7729
773
7731
7734
7735
774
7740
7741
7742
7743
7744
7745
7746
775
7754
7757
7758
7759
776
7760
7762
7763
7764
7765
7767
777
7771
7773
7774
7775
7776
7777
7778
778
7783
7784
7785
7788
779
7791
7792
7793
7794
7795
7796
7798
78
780
7803
7804
7805
7807
781
7811
7814
7815
7816
7818
7819
782
7821
7822
7823
7827
7829
783
7830
7833
7835
7838
7839
784
7840
7841
7843
7845
7846
7847
7848
785
7851
7852
7855
7859
786
7865
7869
787
7871
7873
7874
7875
7876
788
7882
7883
7884
7887
789
7894
7895
7896
7897
7898
7899
79
790
7901
7903
7905
7906
7907
791
7910
7913
7917
792
7920
7921
7924
7926
7927
7929
793
7930
7931
7932
7936
794
7942
7947
795
7951
7952
7954
7958
7959
796
7962
7966
7969
797
7970
7971
7972
7974
7976
7977
798
7981
7982
7983
7984
7985
7986
7989
799
7991
7994
7997
80
800
8002
8003
8004
8006
8007
801
8010
8011
8013
8014
8016
8017
802
8021
8022
8024
8025
8026
8028
8029
803
8030
8031
8035
8037
8038
8039
804
8040
8041
8045
8047
8048
805
8051
8054
8057
806
8060
8061
8064
8065
8066
8067
8068
807
8070
8071
8072
8077
8078
8079
808
8082
8084
8087
8089
809
8091
8092
8094
8095
8096
81
810
8102
8103
8105
8107
811
8110
8111
8114
8115
8116
812
8121
8122
8126
8127
8128
813
8130
8132
8133
8136
814
8141
8144
8145
8148
815
8150
8153
8155
8156
8159
816
8165
8166
8167
8168
8169
817
8170
8179
818
8180
8181
8184
8187
8189
819
8194
8198
82
820
8201
8203
8206
8209
821
8216
8217
822
8221
8224
8229
823
8234
824
8240
8241
8242
8244
8247
8248
825
8251
8252
8254
8256
8257
826
8260
8263
8266
8269
827
8271
8272
8274
8276
8279
828
8280
8281
8282
8285
8288
8289
829
8294
8295
8296
8297
8298
83
830
8301
8302
8303
8307
8308
8309
831
8310
8311
8313
8314
8317
832
8320
8321
8324
8325
833
8334
8336
8339
834
8340
8341
8342
8345
8346
8347
8348
835
8350
8351
8352
8353
8354
8355
8356
8357
8359
836
8360
8361
8363
8365
8367
8369
837
8373
8375
8377
8378
8379
838
8381
8382
8383
8385
8387
8388
8389
839
8391
8393
8394
8395
8397
8398
8399
84
840
8400
8404
8406
841
8410
8411
8412
8414
8417
8418
842
8420
8422
8424
8427
843
8431
8434
8435
8436
8437
844
8441
8448
845
8453
8454
8456
8457
846
8462
8463
8465
8467
8469
847
8470
8471
8472
8475
8476
8477
8478
8479
848
8482
8485
8486
8487
8488
849
8493
8494
8496
8499
85
850
8502
8503
8507
851
8511
8512
8513
8514
8515
8517
852
8523
8524
8526
8529
853
8531
8532
8533
8538
854
8545
8549
855
8552
8557
8559
856
8567
857
8570
8575
8576
8579
858
8580
8581
8583
8584
8587
8589
859
8590
8591
8592
8597
8598
8599
86
860
8609
861
8612
8614
8619
862
8620
8624
8627
863
8633
8634
8635
8636
864
8640
8642
8643
8645
8647
8648
865
8651
8653
8657
866
8661
8663
8666
8668
867
8671
8674
8676
868
8682
8685
8687
8688
8689
869
8690
8693
8694
87
870
8705
8706
8707
8708
8709
871
8713
8716
8718
872
8723
8726
873
8730
8734
874
8744
8747
8748
875
8750
8752
8757
8759
876
8760
8761
8762
8763
8768
877
8770
8772
8773
8775
8776
8778
878
8783
8786
8787
8788
8789
879
8791
8793
8794
8796
8799
88
880
8800
8804
8805
8806
8809
881
8810
8818
8819
882
8822
8826
883
8832
8833
8834
8838
884
8840
8844
8846
8848
885
8851
8854
8857
8858
886
8863
8865
8867
8868
8869
887
8870
8871
8875
8879
888
8880
8882
8889
889
8894
8896
8897
8898
8899
89
890
8900
8902
8903
8905
8906
8908
891
8910
8911
8916
8917
8919
892
8921
8926
8927
8928
8929
893
8932
8933
8935
8937
8939
894
8941
8942
8943
8945
8947
8949
895
8952
8953
8954
8956
8958
8959
896
8964
8965
8966
8967
8968
8969
897
8971
8973
8975
8977
8979
898
8982
8983
8986
8988
8989
899
8991
8992
8993
8995
8996
90
900
9000
9001
9003
9004
9009
901
9010
9011
9012
9013
9014
9016
9018
902
9020
9021
9022
9024
9025
903
9031
9036
9039
904
9040
9041
9045
9046
9049
905
9050
9052
9055
9057
906
9060
9062
9064
9065
9066
9068
907
9071
9072
9075
9078
908
9087
9089
909
9091
9092
9095
9096
9097
9098
9099
91
910
9103
9105
9106
9108
9109
911
9111
9113
9114
9118
912
9120
9121
9122
9127
9128
913
9130
9131
9133
9135
9136
9139
914
9140
9142
9146
9147
9149
915
9152
9153
9156
9157
916
9164
9167
9168
9169
917
9171
9176
918
9186
9189
919
9192
9193
9195
9196
92
920
9201
9202
9204
921
9213
9216
9217
9218
9219
922
9221
9223
9224
9225
9226
923
9230
9239
924
9240
9244
9246
9247
9248
9249
925
9250
9253
9257
9258
926
9262
9263
9264
9265
9269
927
9270
9271
9272
9275
9276
9277
928
9280
9281
9283
9285
9286
9287
929
9294
9295
93
930
9307
9309
931
9311
9313
9314
9315
9316
9318
932
9320
9322
9323
9327
9328
9329
933
9331
9336
9337
9338
9339
934
9340
9347
9348
935
9350
9353
9355
9357
936
9362
9365
9367
9368
9369
937
9373
9376
9378
938
9380
9384
9386
9389
939
9390
9391
9392
9394
9398
9399
94
940
9400
9402
9403
9404
9407
9409
941
9410
9416
9418
9419
942
9421
9425
943
9430
9431
9433
9434
9436
9437
9438
944
9440
9441
9442
9443
9445
9447
9448
945
9451
9452
9454
9455
9457
9459
946
9460
9462
9463
9464
9465
9466
9468
947
9472
9475
9476
948
9480
9481
9482
9484
9488
949
9490
9494
9495
95
950
9501
9502
9507
9508
951
9510
9513
9515
9516
952
9523
9524
9526
9527
953
9531
9534
9538
9539
954
9541
9543
9545
9547
955
9550
9552
9553
9555
956
9561
9564
9568
957
9571
9573
9574
9575
9578
958
9581
9584
9585
9587
9588
9589
959
9590
9591
9593
9596
9597
9599
96
960
9600
9601
9602
9604
9608
961
9611
9612
9615
9616
9617
9619
962
9623
9624
9626
9628
963
9633
9635
9636
9639
964
9640
9642
9645
9647
9648
9649
965
9650
9651
9655
9656
9658
966
9660
9661
9662
9663
9664
9665
9666
9669
967
9671
9672
9673
9674
9678
968
9680
9684
9685
9687
9689
969
9690
9692
9695
9697
9699
97
970
9700
9705
9708
9709
971
9712
9716
9718
9719
972
9720
9722
9724
9727
9729
973
9731
9735
9736
9737
9738
974
9741
9742
9747
9748
975
9751
9752
9753
9755
9756
976
9760
9761
9763
9765
9766
977
9773
9774
9775
9777
978
9784
9785
979
9793
9795
9796
9797
9798
98
980
9800
9803
9807
9809
981
9810
9811
9813
9814
9815
9819
982
9822
9823
9825
9827
983
9830
9832
9835
9837
9838
9839
984
9840
9841
9843
9845
985
9850
9851
9853
9854
9857
9859
986
9861
9862
9865
987
9870
9874
9875
9876
9877
988
9880
9882
9883
9884
9885
989
9890
9892
9895
9896
99
990
9900
9901
9902
9903
9904
9905
9908
9909
991
9914
9915
9916
9919
992
9923
9926
9928
993
9931
9933
9935
9936
994
9940
9942
9947
9949
995
9952
9955
9957
996
9960
9962
9963
9967
9968
9969
997
9972
9973
9976
9979
998
9982
9984
9987
9988
9989
999
9991
9992
9993
9994
9996
aallen
aanderson
aaron
abbott
abigail
ability
able
about
above
abrown
acampbell
accept
according
account
acevedo
aclark
acosta
across
act
action
activity
actually
adam
adams
adavis
add
address
adiaz
adkins
administration
admit
adrian
adriana
adrienne
adult
affect
after
again
against
agarcia
age
agency
agent
ago
agonzalez
agree
agreement
agreen
aguilar
aguirre
ahall
aharris
ahead
ahernandez
ahill
aimee
air
ajackson
ajohnson
ajones
aking
alan
albert
alec
alee
alejandra
alejandro
alewis
alex
alexa
alexander
alexandra
alexandria
alexis
alfred
ali
alice
alicia
alisha
alison
all
allen
allison
allow
almost
alone
along
alopez
already
also
although
alvarado
alvarez
alvin
always
alyssa
amanda
amandasmith
amartin
amartinez
amber
american
amiller
among
amoore
amount
amy
amysmith
ana
analysis
and
andersen
anderson
andersonmichael
andrade
andre
andrea
andres
andrew
andrews
andrewsmith
angel
angela
angelasmith
angelica
angie
animal
anita
ann
anna
anne
annette
another
answer
anthony
anthonysmith
antonio
any
anyone
anything
aperez
appear
apply
approach
april
archer
area
arellano
argue
ariana
arias
ariel
arm
armstrong
arnold
arobinson
arodriguez
around
arrive
arroyo
art
arthur
article
artist
as
asanchez
ascott
ashlee
ashley
ashleyjohnson
ashleysmith
ask
asmith
assume
at
ataylor
athomas
athompson
atkins
atkinson
atorres
attack
attention
attorney
audience
audrey
austin
author
authority
autumn
available
avery
avila
avoid
awalker
away
awhite
awilliams
awilson
awright
ayala
ayers
baby
back
bad
bag
bailey
baird
baker
baldwin
ball
ballard
ballen
banderson
bank
banks
bar
barajas
barbara
barber
barker
barnes
barnett
barr
barrera
barrett
barron
barry
bartlett
barton
base
bass
bates
bauer
bautista
baxter
bbaker
bbrown
bcampbell
bclark
bdavis
be
bean
beard
beasley
beat
beautiful
because
beck
becker
becky
become
bed
before
begin
behavior
behind
believe
belinda
bell
beltran
bender
benefit
benitez
benjamin
bennett
benson
bentley
benton
berg
berger
bernard
berry
best
beth
bethany
better
betty
between
beverly
beyond
bgarcia
bgonzalez
bgreen
bhall
bharris
bhernandez
bianca
big
bill
billion
billy
bird
bishop
bit
bjackson
bjohnson
bjones
bking
black
blackburn
blackwell
blair
blake
blanchard
blankenship
blee
blevins
blewis
blood
blopez
blue
bmartin
bmartinez
bmiller
bmoore
bmorris
bnelson
board
bob
bobby
body
bolton
bond
bonilla
bonnie
book
booker
boone
booth
born
both
bowen
bowers
bowman
box
boy
boyd
boyer
boyle
bparker
bperez
bphillips
brad
bradford
bradley
bradshaw
brady
bramirez
branch
brandi
brandon
brandt
brandy
braun
bray
break
breanna
brenda
brendan
brennan
brent
brett
brewer
brian
briana
brianjohnson
brianna
briansmith
bridges
bridget
briggs
bright
bring
brittany
brittney
broberts
brobinson
brock
brodriguez
brooke
brooks
brother
brown
browndavid
browning
brownjames
brownjennifer
brownjohn
brownlisa
brownmatthew
brownmichael
brownrobert
brownwilliam
bruce
bryan
bryant
bryce
bsanchez
bscott
bsmith
btaylor
bthomas
bthompson
buchanan
buck
buckley
budget
build
building
bullock
burch
burgess
burke
burnett
burns
burton
bush
business
but
butler
buy
bwalker
bwhite
bwilliams
bwilson
by
byoung
byrd
cabrera
cadams
cain
caitlin
caitlyn
calderon
caldwell
caleb
calhoun
call
callahan
callen
calvin
camacho
camera
cameron
campaign
campbell
campos
can
candace
canderson
candice
candidate
cannon
cantrell
cantu
capital
car
card
cardenas
care
career
carey
carl
carla
carlos
carlson
carly
carmen
carney
carol
caroline
carolyn
carpenter
carr
carrie
carrillo
carroll
carry
carson
carter
case
casey
cassandra
cassidy
cassie
castaneda
castillo
castro
catch
catherine
cathy
cause
cbaker
cbrown
cclark
cdavis
cell
center
central
century
certain
certainly
cervantes
cesar
cgarcia
cgonzalez
cgreen
chad
chair
chall
challenge
chambers
chan
chance
chandler
chaney
chang
change
chapman
character
charge
charlene
charles
charlessmith
charlotte
charris
chase
chavez
check
chelsea
chelsey
chen
chernandez
cherry
cheryl
cheyenne
child
chill
chloe
choi
choice
choose
chris
christensen
christian
christie
christina
christine
christopher
christopher00
christopher02
christopher03
christopher04
christopher05
christopher06
christopher07
christopher08
christopher09
christopher10
christopher11
christopher12
christopher13
christopher14
christopher16
christopher17
christopher19
christopher20
christopher21
christopher22
christopher24
christopher26
christopher27
christopher28
christopher29
christopher30
christopher31
christopher36
christopher38
christopher39
christopher40
christopher41
christopher43
christopher46
christopher47
christopher48
christopher49
christopher53
christopher54
christopher55
christopher56
christopher59
christopher60
christopher61
christopher62
christopher63
christopher64
christopher65
christopher66
christopher68
christopher69
christopher70
christopher71
christopher72
christopher73
christopher76
christopher77
christopher78
christopher79
christopher81
christopher83
christopher84
christopher85
christopher87
christopher88
christopher90
christopher91
christopher93
christopher94
christopher95
christopher97
christopher98
christopher99
christopherbrown
christopherjohnson
christopherjones
christophersmith
christopherwilliams
christy
chung
church
cindy
cisneros
citizen
city
civil
cjackson
cjohnson
cjones
cking
claim
claire
clarence
clark
clarke
class
claudia
clay
clayton
clear
clearly
clee
clements
clewis
clifford
cline
clinton
clopez
close
cmartin
cmartinez
cmiller
cmitchell
cmoore
cnelson
coach
cobb
cochran
cody
coffey
cohen
cold
cole
coleman
colin
collection
colleen
college
collier
collin
collins
colon
color
colton
com
combs
commercial
common
community
company
compare
compton
computer
concern
condition
conference
congress
conley
conner
connie
connor
conrad
consider
consumer
contain
continue
contreras
control
conway
cook
cooke
cooley
cooper
copeland
cordova
corey
cortez
cory
cost
costa
could
country
couple
course
court
courtney
cover
cowan
cox
cperez
craig
cramirez
crane
crawford
create
credit_card
crime
cristian
cristina
croberts
crobinson
crodriguez
crosby
cross
cruz
crystal
csanchez
csmith
ctaylor
cthomas
cthompson
cuevas
cultural
culture
cummings
cunningham
cup
current
curry
curtis
customer
cut
cwalker
cwhite
cwilliams
cwilson
cwright
cynthia
cyoung
dadams
daisy
dakota
dale
dallen
dalton
damon
dan
dana
danderson
daniel
danieljohnson
danielle
daniels
danielsmith
danielwilliams
danny
darin
darius
dark
darlene
darrell
darren
darryl
daryl
data
daugherty
daughter
dave
davenport
david
david00
david01
david02
david03
david04
david05
david06
david07
david08
david09
david10
david11
david12
david13
david14
david15
david16
david17
david18
david20
david21
david22
david23
david24
david25
david26
david27
david28
david29
david30
david31
david32
david33
david34
david35
david37
david38
david40
david41
david42
david43
david44
david46
david48
david49
david50
david51
david52
david53
david54
david55
david56
david58
david59
david60
david61
david62
david63
david64
david65
david66
david67
david68
david69
david70
david71
david72
david73
david74
david75
david76
david77
david78
david79
david80
david82
david83
david84
david85
david86
david87
david88
david89
david90
david91
david92
david93
david94
david95
david96
david98
david99
davidbrown
daviddavis
davidjohnson
davidjones
davidmiller
davidsmith
davidson
davidwilliams
davies
davila
davis
davisdavid
davisjames
davisjennifer
davisjohn
davismichael
davisrobert
dawn
dawson
day
dbaker
dbrown
dcarter
dclark
ddavis
dds
deal
dean
deanna
debate
debbie
deborah
debra
decade
decide
decision
decker
deep
defense
degree
delacruz
deleon
delgado
democrat
democratic
denise
dennis
derek
derrick
describe
design
desiree
despite
destiny
detail
determine
develop
development
devin
devon
dflores
dgarcia
dgonzalez
dhall
dharris
dhernandez
dhill
diamond
diana
diane
diaz
dickerson
dickson
difference
different
difficult
dillon
dinner
direction
director
discover
discuss
discussion
dixon
djackson
djohnson
djones
dking
dlee
dlewis
dlopez
dmartin
dmartinez
dmiller
dmitchell
dmoore
do
doctor
dodson
dog
dominguez
dominic
dominique
don
donald
donaldson
donna
donovan
door
doris
dorothy
dorsey
dougherty
douglas
down
downs
doyle
dperez
dphillips
dr
drake
dramirez
draw
dream
drew
drive
drobinson
drodriguez
drop
drug
dsanchez
dscott
dsmith
dtaylor
dthomas
dthompson
duane
duarte
dudley
duffy
duke
duncan
dunlap
dunn
duran
durham
during
dustin
dvm
dwalker
dwayne
dwhite
dwilliams
dwilson
dwright
dyer
dylan
dyoung
each
eallen
eanderson
earl
early
east
easy
eat
eaton
ebony
ebrown
eclark
economic
economy
edavis
eddie
edgar
edge
eduardo
education
edward
edwards
edwin
eevans
effect
effort
egarcia
egonzalez
egreen
ehall
eharris
ehernandez
ehill
eight
eileen
either
ejackson
ejohnson
ejones
eking
elaine
election
elee
elewis
elijah
elizabeth
elizabethsmith
ellen
elliott
ellis
ellison
elopez
else
email
emartin
emartinez
emiller
emily
emitchell
emma
emoore
employee
end
enelson
energy
english
enjoy
enough
enter
entire
environment
environmental
eperez
eramirez
eric
erica
erickson
erik
erika
erin
ernest
erobinson
erodriguez
esanchez
escobar
escott
esmith
esparza
especially
espinoza
establish
estes
estrada
etaylor
ethan
ethomas
ethompson
eugene
evan
evans
evelyn
even
evening
event
ever
everett
every
everybody
everyone
everything
evidence
ewalker
ewhite
ewilliams
ewilson
ewing
ewright
exactly
example
executive
exist
expect
experience
expert
explain
eye
eyoung
face
fact
factor
fadams
faith
fall
fallen
family
fanderson
far
farley
farmer
farrell
fast
father
faulkner
fbrown
fclark
fdavis
fear
federal
feel
feeling
felicia
ferguson
fernandez
fernando
ferrell
few
fgarcia
fgonzalez
fgreen
fhall
fharris
fhernandez
fhill
field
fields
fight
figueroa
figure
fill
film
final
finally
financial
find
fine
finish
finley
fire
firm
first
fischer
fish
fisher
fitzgerald
fitzpatrick
five
fjackson
fjohnson
fjones
fking
flee
fleming
fletcher
flewis
floor
flopez
flores
flowers
floyd
fly
flynn
fmartin
fmartinez
fmiller
fmitchell
fmoore
focus
foley
follow
food
foot
for
forbes
force
ford
foreign
forget
form
former
forward
foster
four
fowler
fox
fperez
fphillips
framirez
frances
francis
francisco
franco
frank
franklin
frazier
fred
frederick
free
freeman
french
frey
friedman
friend
fritz
froberts
frobinson
frodriguez
from
front
frost
fry
frye
fsanchez
fscott
fsmith
ftaylor
fthomas
fthompson
fuentes
full
fuller
fund
future
fwalker
fwhite
fwilliams
fwilson
fwright
fyoung
gabriel
gabriela
gabriella
gabrielle
gadams
gail
gaines
gallagher
gallegos
gallen
galloway
galvan
gamble
game
ganderson
garcia
garciamichael
garden
gardner
garner
garrett
garrison
gary
garza
gas
gates
gavin
gay
gbaker
gbrown
gcampbell
gclark
gdavis
gene
general
generation
gentry
geoffrey
george
gerald
get
gevans
ggarcia
ggonzalez
ggreen
ghall
gharris
ghernandez
gibbs
gibson
gilbert
giles
gill
gillespie
gilmore
gina
girl
give
gjackson
gjohnson
gjones
gking
glass
glee
glen
glenda
glenn
glewis
glopez
gloria
glover
gmartin
gmartinez
gmiller
gmitchell
gmoore
go
goal
golden
gomez
gonzales
gonzalez
good
goodman
goodwin
gordon
gould
government
gperez
grace
graham
gramirez
grant
graves
gray
great
green
greene
greer
greg
gregg
gregory
griffin
griffith
grimes
grobinson
grodriguez
gross
ground
group
grow
growth
gsanchez
gsmith
gtaylor
gthomas
gthompson
gturner
guerra
guerrero
guess
gun
gutierrez
guy
guzman
gwalker
gwendolyn
gwhite
gwilliams
gwilson
gwright
gyoung
haas
hahn
hailey
hair
hale
haley
half
hall
hallen
hamilton
hammond
hampton
hancock
hand
handerson
haney
hanna
hannah
hansen
hanson
happen
happy
hard
hardin
harding
hardy
harmon
harold
harper
harrell
harrington
harris
harrison
harry
hart
hartman
harvey
hatfield
have
hawkins
hayden
hayes
hayley
haynes
hays
hbaker
hbrown
hcampbell
hclark
hdavis
he
head
health
hear
heart
heath
heather
heavy
hebert
hector
heidi
helen
help
henderson
hendricks
hendrix
henry
hensley
henson
her
herbert
here
herman
hernandez
hernandezmichael
herrera
herring
herself
hess
hester
hgarcia
hgonzalez
hhall
hharris
hhernandez
hickman
hicks
higgins
high
hill
him
himself
hines
hinton
his
history
hit
hjackson
hjohnson
hjones
hking
hlee
hlewis
hlopez
hmartin
hmartinez
hmiller
hmoore
ho
hobbs
hodge
hodges
hoffman
hogan
hold
holden
holder
holland
holloway
holly
holmes
holt
home
hood
hooper
hoover
hope
hopkins
horn
horne
horton
hospital
hot
hotel
hour
house
houston
how
howard
howe
howell
however
hperez
hrobinson
hrodriguez
hrogers
hsanchez
hscott
hsmith
hstewart
htaylor
hthomas
hthompson
htorres
hturner
huang
hubbard
huber
hudson
huerta
huff
huffman
huge
hughes
hull
human
humphrey
hundred
hunt
hunter
hurley
hurst
husband
hutchinson
huynh
hwalker
hwhite
hwilliams
hwilson
hwright
hyoung
iadams
ian
ianderson
ibaker
iban
ibarra
ibrown
icampbell
iclark
idavis
idea
identify
ievans
if
igarcia
igonzalez
igreen
ihall
iharris
ihernandez
ii
iii
ijackson
ijohnson
ijones
iking
ilee
ilewis
ilopez
image
imagine
imartin
imartinez
imiller
imoore
impact
important
improve
in
include
including
increase
indeed
indicate
individual
industry
inelson
information
ingram
inside
instead
institution
interest
interesting
international
interview
into
investment
involve
iramirez
iroberts
irobinson
irodriguez
irwin
isaac
isabel
isabella
isaiah
isanchez
iscott
ismith
issue
it
itaylor
item
ithomas
ithompson
its
itself
iturner
iv
ivan
iwalker
iwhite
iwilliams
iwilson
iwright
iyoung
jack
jackie
jackson
jacksonmichael
jaclyn
jacob
jacobs
jacobson
jacqueline
jadams
jade
jaime
jake
jallen
james
james00
james01
james03
james04
james05
james06
james07
james08
james09
james10
james11
james12
james13
james15
james16
james17
james19
james20
james21
james22
james23
james24
james25
james26
james27
james28
james29
james30
james31
james32
james33
james35
james36
james37
james38
james39
james41
james42
james43
james44
james45
james46
james47
james48
james49
james50
james51
james52
james53
james55
james56
james57
james58
james59
james62
james63
james64
james65
james66
james67
james69
james70
james71
james72
james73
james74
james75
james76
james77
james78
james79
james80
james81
james82
james83
james84
james85
james87
james88
james89
james90
james92
james93
james94
james95
james96
james97
james98
jamesbrown
jamesdavis
jamesjohnson
jamesjones
jamesmiller
jamessmith
jameswilliams
jameswilson
jamie
janderson
jane
janet
janice
jared
jarvis
jasmin
jasmine
jason
jasonsmith
javier
jay
jbaker
jbrown
jcampbell
jclark
jdavis
jean
jeanette
jeanne
jeff
jefferson
jeffery
jeffrey
jeffreysmith
jenkins
jenna
jennifer
jennifer00
jennifer01
jennifer02
jennifer03
jennifer04
jennifer05
jennifer06
jennifer07
jennifer09
jennifer11
jennifer12
jennifer13
jennifer14
jennifer15
jennifer16
jennifer17
jennifer19
jennifer20
jennifer22
jennifer23
jennifer24
jennifer25
jennifer26
jennifer27
jennifer28
jennifer29
jennifer30
jennifer31
jennifer32
jennifer33
jennifer34
jennifer35
jennifer36
jennifer37
jennifer38
jennifer39
jennifer40
jennifer42
jennifer43
jennifer44
jennifer45
jennifer46
jennifer47
jennifer48
jennifer49
jennifer50
jennifer51
jennifer52
jennifer53
jennifer56
jennifer57
jennifer58
jennifer60
jennifer61
jennifer62
jennifer63
jennifer64
jennifer66
jennifer67
jennifer68
jennifer69
jennifer70
jennifer71
jennifer72
jennifer73
jennifer74
jennifer75
jennifer77
jennifer78
jennifer79
jennifer80
jennifer81
jennifer82
jennifer83
jennifer84
jennifer85
jennifer87
jennifer88
jennifer89
jennifer90
jennifer92
jennifer93
jennifer94
jennifer95
jennifer96
jennifer97
jennifer98
jennifer99
jenniferbrown
jenniferjohnson
jenniferjones
jennifermartinez
jennifermiller
jennifersmith
jenniferwilliams
jennings
jenny
jensen
jeremiah
jeremy
jermaine
jerome
jerry
jesse
jessica
jessica03
jessica20
jessica27
jessica46
jessica82
jessicajohnson
jessicamiller
jessicasmith
jessicawilliams
jesus
jgarcia
jgonzalez
jgreen
jhall
jharris
jhernandez
jill
jillian
jim
jimenez
jimmy
jjackson
jjohnson
jjones
jking
jlee
jlewis
jlopez
jmartin
jmartinez
jmiller
jmoore
jnelson
jo
joan
joann
joanna
joanne
job
jocelyn
jodi
jody
joe
joel
john
john00
john01
john02
john03
john04
john05
john06
john08
john09
john10
john12
john14
john16
john17
john18
john20
john21
john22
john23
john24
john25
john26
john28
john29
john31
john32
john33
john34
john36
john37
john38
john39
john40
john41
john42
john43
john44
john45
john46
john47
john48
john50
john51
john52
john53
john54
john55
john56
john57
john58
john59
john60
john61
john62
john63
john64
john66
john67
john68
john70
john71
john72
john73
john74
john76
john77
john78
john79
john80
john81
john82
john83
john84
john86
john87
john88
john89
john90
john94
john95
john96
john97
john98
johnathan
johnbrown
johndavis
johnjohnson
johnjones
johnmiller
johnny
johns
johnsmith
johnson
johnsonamanda
johnsonashley
johnsonbrian
johnsonchristopher
johnsondavid
johnsonelizabeth
johnsonjames
johnsonjason
johnsonjennifer
johnsonjessica
johnsonjohn
johnsonjoseph
johnsonjoshua
johnsonkimberly
johnsonlisa
johnsonmatthew
johnsonmichael
johnsonrobert
johnsonwilliam
johnston
johnwilliams
join
jon
jonathan
jonathon
jones
joneschristopher
jonesdavid
jonesjames
jonesjennifer
jonesjohn
jonesjoseph
jonesmichael
jonesrobert
joneswilliam
jordan
jorge
jose
joseph
joseph29
joseph80
josephjohnson
josephsmith
josephwilliams
joshua
joshuajohnson
joshuasmith
joy
joyce
jperez
jphillips
jr
jramirez
jrivera
jrobinson
jrodriguez
jsanchez
jsmith
jtaylor
jthomas
jthompson
jturner
juan
juarez
judith
judy
julia
julian
julie
just
justin
jwalker
jwhite
jwilliams
jwilson
jwright
jyoung
kadams
kaiser
kaitlin
kaitlyn
kallen
kanderson
kane
kara
karen
kari
karina
karl
karla
katelyn
katherine
kathleen
kathryn
kathy
katie
katrina
kaufman
kayla
kaylee
kbaker
kbrown
kclark
kdavis
keep
keith
keller
kelley
kelli
kellie
kelly
kelsey
kemp
kendra
kennedy
kenneth
kent
kerr
kerri
kerry
kevin
key
kgarcia
kgonzalez
kgreen
khall
khan
kharris
khernandez
kiara
kid
kidd
kim
kimberly
kimberlyjohnson
kimberlysmith
kind
king
kirby
kirk
kirsten
kitchen
kjackson
kjohnson
kjones
klee
klein
klewis
kline
klopez
kmartin
kmartinez
kmiller
kmoore
knapp
knelson
knight
know
knowledge
knox
koch
kperez
kphillips
kramer
kramirez
krause
krista
kristen
kristi
kristie
kristin
kristina
kristine
kristopher
kristy
krobinson
krodriguez
krueger
krystal
ksanchez
kscott
ksmith
ktaylor
kthomas
kthompson
kurt
kwalker
kwhite
kwilliams
kwilson
kwright
kyle
kylie
kyoung
lacey
ladams
lallen
lam
lamb
lambert
lance
land
landerson
landry
lane
lang
language
lara
large
larry
larsen
larson
last
latasha
late
later
latoya
laugh
laura
lauren
laurie
law
lawrence
lawson
lawyer
lay
lbaker
lbrown
lcampbell
lclark
ldavis
le
leach
lead
leader
leah
learn
least
leave
leblanc
lee
leemichael
left
leg
leon
leonard
leroy
leslie
less
lester
let
letter
level
levi
levine
levy
lewis
lflores
lgarcia
lgonzalez
lgreen
lhall
lharris
lhernandez
lhill
li
life
light
like
likely
lin
linda
lindsay
lindsey
line
lisa
lisa70
lisajohnson
lisasmith
lisawilliams
list
listen
little
liu
live
livingston
ljackson
ljohnson
ljones
lking
llee
llewis
llopez
lloyd
lmartin
lmartinez
lmiller
lmitchell
lmoore
local
logan
long
lonnie
look
lopez
lopezmichael
loretta
lori
lorraine
lose
loss
lot
louis
love
low
lowe
lowery
lozano
lparker
lperez
lphillips
lramirez
lroberts
lrobinson
lrodriguez
lsanchez
lsmith
ltaylor
lthomas
lthompson
lucas
lucero
luis
luke
luna
lutz
lwalker
lwhite
lwilliams
lwilson
lwright
lydia
lynch
lynn
lyons
lyoung
macdonald
machine
macias
mack
mackenzie
madams
madden
maddox
madeline
madison
magazine
mahoney
main
maintain
major
majority
makayla
make
maldonado
malik
mallen
mallory
malone
man
manage
management
manager
manderson
mandy
mann
manning
manuel
many
marc
marcia
marco
marcus
margaret
maria
mariah
marie
marilyn
mario
marisa
marissa
mark
market
marks
marksmith
marquez
marriage
marsh
marshall
martha
martin
martinez
martinezmichael
martinmichael
marvin
mary
marysmith
mason
massey
mata
material
mathew
mathews
mathis
matter
matthew
matthew01
matthew07
matthew15
matthew23
matthew41
matthew71
matthewbrown
matthewjohnson
matthewmiller
matthews
matthewsmith
matthewwilliams
maureen
maurice
max
maxwell
may
maybe
mayer
maynard
mayo
mays
mbaker
mbrown
mcbride
mccall
mccann
mccarthy
mccarty
mcclain
mcclure
mcconnell
mccormick
mccoy
mccullough
mcdaniel
mcdonald
mcdowell
mcfarland
mcgee
mcgrath
mcguire
mcintosh
mcintyre
mckay
mckee
mckenzie
mckinney
mcknight
mclark
mclaughlin
mclean
mcmahon
mcmillan
mcneil
mcpherson
md
mdavis
me
meadows
meagan
mean
measure
media
medical
medina
medwards
meet
meeting
megan
meghan
mejia
melanie
melendez
melinda
melissa
melissajohnson
melissasmith
melody
melton
melvin
member
memory
mendez
mendoza
mention
mercado
mercedes
mercer
meredith
merritt
message
method
mevans
meyer
meyers
meza
mflores
mgarcia
mgonzalez
mgreen
mhall
mharris
mhernandez
mhill
mia
michael
michael00
michael01
michael02
michael03
michael04
michael05
michael06
michael07
michael08
michael09
michael10
michael11
michael12
michael13
michael14
michael15
michael16
michael17
michael18
michael19
michael20
michael21
michael22
michael23
michael24
michael25
michael26
michael27
michael28
michael29
michael30
michael31
michael32
michael33
michael34
michael35
michael36
michael37
michael38
michael39
michael40
michael41
michael42
michael43
michael44
michael45
michael46
michael47
michael48
michael49
michael50
michael51
michael52
michael53
michael54
michael55
michael56
michael57
michael58
michael59
michael60
michael61
michael62
michael63
michael64
michael65
michael66
michael67
michael68
michael69
michael70
michael71
michael72
michael73
michael74
michael75
michael76
michael77
michael78
michael79
michael80
michael81
michael82
michael83
michael84
michael85
michael86
michael87
michael88
michael89
michael90
michael91
michael92
michael93
michael94
michael95
michael96
michael97
michael98
michael99
michaela
michaelanderson
michaelbrown
michaeldavis
michaelgarcia
michaelgreen
michaelhernandez
michaeljohnson
michaeljones
michaellee
michaellopez
michaelmartin
michaelmartinez
michaelmiller
michaelmoore
michaelperez
michaelrodriguez
michaelsmith
michaeltaylor
michaelthomas
michaelthompson
michaelwhite
michaelwilliams
michaelwilson
micheal
michele
michelle
michellesmith
middle
middleton
might
miguel
mikayla
mike
miles
military
miller
millerdavid
millerjames
millerjennifer
millerjohn
millermichael
millerrobert
million
mills
mind
mindy
minute
miranda
miss
mission
misty
mitchell
mjackson
mjohnson
mjones
mking
mlee
mlewis
mlopez
mmartin
mmartinez
mmiller
mmitchell
mmoore
mmorris
mnelson
model
modern
molina
molly
moment
money
monica
monique
monroe
montes
montgomery
month
montoya
moody
moon
mooney
moore
mora
morales
moran
more
moreno
morgan
morning
morris
morrison
morrow
morse
morton
moses
mosley
moss
most
mother
mouth
move
movement
movie
moyer
mperez
mphillips
mr
mrobinson
mrodriguez
mrogers
mrs
ms
mscott
msmith
mtaylor
mthomas
mthompson
much
mueller
mullen
mullins
munoz
murillo
murphy
murray
music
must
mwalker
mwhite
mwilliams
mwilson
mwright
my
myers
myoung
myself
nadams
nallen
name
nancy
nanderson
nash
natalie
natasha
nathan
nathaniel
nation
national
natural
nature
navarro
nbaker
nbrown
nclark
ndavis
neal
near
nearly
necessary
need
neil
nelson
net
network
nevans
never
new
newman
news
newspaper
newton
next
ngarcia
ngonzalez
ngreen
nguyen
nhall
nharris
nhernandez
nhill
nice
nicholas
nicholassmith
nichole
nichols
nicholson
nicolas
nicole
nielsen
night
nina
nixon
njackson
njohnson
njones
nking
nlee
nlewis
nlopez
nmartin
nmartinez
nmiller
nmoore
nnelson
no
noah
noble
nolan
none
nor
norma
norman
norris
north
norton
not
note
nothing
notice
novak
now
nparker
nperez
nramirez
nrobinson
nrodriguez
nsanchez
nscott
nsmith
ntaylor
nthomas
nthompson
number
nunez
nwalker
nwhite
nwilliams
nwilson
nwright
nyoung
oadams
oallen
oanderson
obrien
obrown
ocarter
occur
ochoa
oclark
oconnell
oconnor
odavis
odom
odonnell
of
off
offer
office
officer
official
often
ogarcia
ogonzalez
ohall
oharris
ohernandez
ohill
oil
ojackson
ojohnson
ojones
ok
oking
old
olee
olewis
oliver
olivia
olopez
olsen
olson
omar
omartin
omartinez
omiller
omoore
omorgan
on
once
one
oneal
oneill
onelson
only
onto
oparker
open
operation
operez
ophillips
opportunity
option
or
oramirez
order
org
organization
orobinson
orodriguez
orozco
orr
ortega
ortiz
osanchez
osborn
osborne
oscar
osmith
otaylor
other
others
othomas
othompson
oturner
our
out
outside
over
owalker
owen
owens
owhite
owilliams
owilson
own
owner
owright
pace
pacheco
padams
padilla
page
paige
painting
pallen
palmer
pam
pamela
panderson
paper
parent
park
parker
parks
parrish
parsons
part
participant
particular
particularly
partner
party
pass
password
past
patel
patricia
patrick
pattern
patterson
patton
patty
paul
paula
pay
payne
pbrown
pcarter
pclark
pdavis
peace
pearson
peck
pedro
peggy
pena
pennington
penny
people
per
perez
perform
performance
perhaps
perkins
perry
person
personal
peter
peters
petersen
peterson
petty
pgarcia
pgonzalez
phall
pham
pharris
phd
phelps
phernandez
philip
phillip
phillips
phone
phyllis
physical
pick
picture
piece
pierce
pineda
pittman
pitts
pjackson
pjohnson
pjones
pking
place
plan
plant
play
player
plee
plewis
plopez
pm
pmartin
pmartinez
pmiller
pmoore
pnelson
point
police
policy
political
politics
pollard
ponce
poole
poor
pope
popular
population
porter
position
positive
possible
potter
potts
powell
power
powers
pperez
practice
pratt
prepare
present
president
pressure
preston
pretty
prevent
price
prince
priscilla
probably
proberts
probinson
process
proctor
prodriguez
produce
product
production
professional
professor
program
project
property
protect
prove
provide
pruitt
psanchez
pscott
psmith
ptaylor
pthomas
pthompson
pturner
public
pugh
pull
purpose
push
put
pwalker
pwhite
pwilliams
pwilson
pyoung
qadams
qallen
qanderson
qbaker
qbrown
qcampbell
qcarter
qclark
qcollins
qdavis
qevans
qgarcia
qgonzalez
qgreen
qhall
qharris
qhernandez
qhill
qjackson
qjohnson
qjones
qking
qlee
qlewis
qlopez
qmartin
qmartinez
qmiller
qmitchell
qmoore
qnelson
qperez
qrobinson
qrodriguez
qsanchez
qscott
qsmith
qtaylor
qthomas
qthompson
qtorres
quality
question
quickly
quinn
quite
qwalker
qwhite
qwilliams
qwilson
qwright
qyoung
race
rachael
rachel
radio
raise
rallen
ralph
ramirez
ramos
ramsey
randall
randerson
randolph
randy
range
rangel
rasmussen
rate
rather
raven
ray
raymond
rbaker
rbrown
rcarter
rclark
rdavis
reach
read
ready
real
reality
realize
really
reason
rebecca
rebekah
receive
recent
recently
recognize
record
red
reduce
reed
reese
reeves
reflect
regina
reginald
region
reid
reilly
relate
relationship
religious
remain
remember
renee
report
represent
republican
require
research
resource
respond
response
responsibility
rest
result
return
reveal
reyes
reynolds
rgarcia
rgonzalez
rgreen
rhall
rharris
rhernandez
rhodes
rhonda
ricardo
rice
rich
richard
richardjohnson
richards
richardsmith
richardson
richmond
rick
rickey
ricky
riddle
riggs
right
riley
rios
rise
risk
rita
ritter
rivas
rivera
rivers
rjackson
rjohnson
rjones
rking
rlee
rlewis
rlopez
rmartin
rmartinez
rmiller
rmitchell
rmoore
rnelson
roach
road
robbins
roberson
robert
robert00
robert01
robert03
robert04
robert05
robert09
robert10
robert11
robert13
robert15
robert18
robert20
robert22
robert25
robert26
robert27
robert28
robert29
robert30
robert34
robert35
robert37
robert39
robert41
robert42
robert44
robert46
robert47
robert49
robert51
robert55
robert56
robert57
robert58
robert59
robert60
robert61
robert63
robert66
robert67
robert69
robert72
robert73
robert76
robert78
robert79
robert80
robert81
robert82
robert84
robert85
robert87
robert88
robert89
robert91
robert93
robert94
robert95
robert96
robert97
robert98
robert99
roberta
robertbrown
robertdavis
robertjohnson
robertjones
roberto
roberts
robertsmith
robertson
robertwilliams
robin
robinson
robles
robyn
rocha
rock
rodgers
rodney
rodriguez
rodriguezdavid
rodriguezmichael
roger
rogers
rojas
role
rollins
roman
romero
ronald
ronnie
room
root
rosales
rosario
rose
ross
roth
rowe
rowland
roy
rperez
rramirez
rroberts
rrobinson
rrodriguez
rsanchez
rscott
rsmith
rtaylor
rthomas
rthompson
ruben
rubio
ruiz
rule
run
rush
russell
russo
ruth
rwalker
rwhite
rwilliams
rwilson
rwright
ryan
sabrina
sadams
safe
salas
salazar
salinas
sally
samantha
same
sampson
samuel
sanchez
sanders
sanderson
sandoval
sandra
sandy
sanford
santana
santiago
santos
sara
sarah
sarahsmith
saunders
savage
savannah
save
sawyer
say
sbrown
scampbell
scarter
scene
schaefer
schmidt
schmitt
schneider
school
schroeder
schultz
schwartz
science
scientist
sclark
score
scott
sdavis
sea
sean
season
seat
second
section
security
see
seek
seem
selena
sell
sellers
send
senior
sense
sensitive
sergio
series
serious
serrano
serve
service
set
seth
seven
several
sexton
sgarcia
sgonzalez
sgreen
shaffer
shah
shake
shall
shane
shannon
share
shari
sharon
sharp
sharris
shaun
shaw
shawn
shawna
she
shea
sheena
sheila
shelby
shelia
shelley
shelly
shelton
shepard
shepherd
sheppard
sheri
sherman
shernandez
sherri
sherry
sheryl
shields
shill
shirley
short
should
shoulder
show
side
sierra
sign
significant
silva
similar
simmons
simon
simple
simply
simpson
sims
since
sing
singh
single
singleton
sister
sit
site
situation
six
size
sjackson
sjohnson
sjones
skill
skin
sking
skinner
slee
slewis
sloan
slopez
small
smartin
smartinez
smile
smiller
smith
smithamanda
smithamy
smithandrew
smithangela
smithanthony
smithashley
smithbrian
smithchristopher
smithdaniel
smithdavid
smithelizabeth
smithemily
smitheric
smithjames
smithjason
smithjeffrey
smithjennifer
smithjessica
smithjohn
smithjoseph
smithjoshua
smithkevin
smithkimberly
smithlaura
smithlisa
smithmark
smithmary
smithmatthew
smithmegan
smithmelissa
smithmichael
smithmichelle
smithrebecca
smithrichard
smithrobert
smithsarah
smithstephanie
smithsteven
smiththomas
smithtimothy
smithwilliam
smoore
smorris
snelson
snow
snyder
so
social
society
soldier
solis
solomon
some
somebody
someone
something
sometimes
son
song
sonia
sonya
soon
sophia
sort
sosa
soto
sound
source
south
southern
space
sparks
speak
spears
special
specific
speech
spence
spencer
spend
sperez
sphillips
sport
spring
srobinson
srodriguez
ssanchez
sscott
ssmith
sstewart
stacey
stacie
stacy
staff
stafford
stage
stand
standard
stanley
stanton
star
stark
start
state
statement
station
stay
staylor
steele
stefanie
stein
step
stephanie
stephaniesmith
stephen
stephens
stephenson
steve
steven
stevens
stevensmith
stevenson
stewart
sthomas
sthompson
still
stock
stokes
stone
stop
store
story
stout
strategy
street
strickland
strong
structure
stuart
student
study
stuff
style
suarez
subject
success
successful
such
suddenly
sue
suffer
suggest
sullivan
summer
summers
support
sure
surface
susan
sutton
suzanne
swalker
swanson
sweeney
swhite
swilliams
swilson
swright
sydney
sylvia
syoung
system
tabitha
table
tadams
take
talk
tallen
tamara
tami
tammie
tammy
tanderson
tanner
tanya
tapia
tara
tasha
task
tate
tax
taylor
taylormichael
tbaker
tbrown
tclark
tdavis
teach
teacher
team
technology
tedwards
television
tell
ten
tend
teresa
term
terrance
terrell
terrence
terri
terry
test
tgarcia
tgonzalez
tgreen
thall
than
thank
tharris
that
the
their
them
themselves
then
theodore
theory
there
theresa
thernandez
these
they
thill
thing
think
third
this
thomas
thomasjohnson
thomasmichael
thomassmith
thompson
thornton
those
though
thought
thousand
threat
three
through
throughout
throw
thus
tiffany
tim
time
timothy
timothysmith
tina
tjackson
tjohnson
tjones
tking
tlee
tlewis
tlopez
tmartin
tmartinez
tmiller
tmoore
tnelson
tnguyen
to
today
todd
together
tom
tommy
toni
tonight
tony
tonya
too
top
torres
total
tough
toward
town
townsend
tperez
tracey
traci
tracie
tracy
trade
traditional
training
tramirez
tran
travel
travis
treat
treatment
tree
trevino
trevor
trial
tricia
trip
tristan
trobinson
trodriguez
trouble
troy
true
trujillo
truth
try
tsanchez
tscott
tsmith
ttaylor
tthomas
tthompson
tucker
turn
turner
tv
twalker
twhite
twilliams
twilson
two
twright
tyler
tyoung
type
tyrone
uadams
uallen
uanderson
ubaker
ubrown
ucarter
uclark
udavis
ugarcia
ugonzalez
ugreen
uhall
uharris
uhernandez
ujackson
ujohnson
ujones
uking
ulee
ulewis
ulopez
umartin
umartinez
umiller
umitchell
umoore
under
understand
underwood
unelson
unit
until
up
uperez
upon
uramirez
urobinson
urodriguez
us
usanchez
uscott
use
usmith
usually
utaylor
uthomas
uthompson
utorres
uwalker
uwhite
uwilliams
uwilson
uwright
uyoung
vadams
valdez
valencia
valentine
valenzuela
valerie
vallen
value
vance
vanderson
vanessa
vang
vargas
various
vasquez
vaughan
vaughn
vazquez
vbaker
vbrown
vclark
vdavis
vega
velasquez
velazquez
velez
vernon
veronica
very
vgarcia
vgonzalez
vgreen
vhall
vharris
vhernandez
vicki
vickie
victor
victoria
view
villa
villanueva
villarreal
villegas
vincent
virginia
visit
vjackson
vjohnson
vjones
vking
vlee
vlewis
vlopez
vmartin
vmartinez
vmiller
vmitchell
vmoore
voice
vote
vperez
vphillips
vramirez
vroberts
vrobinson
vrodriguez
vsanchez
vscott
vsmith
vtaylor
vthomas
vthompson
vwalker
vwhite
vwilliams
vwilson
vyoung
wade
wagner
wait
walk
walker
wall
wallace
waller
walls
walsh
walter
walters
walton
wanda
wanderson
wang
want
war
ward
ware
warner
warren
washington
watch
water
waters
watkins
watson
watts
way
wayne
wbaker
wbrown
wcampbell
wclark
wcook
wdavis
we
wear
weaver
webb
weber
webster
week
weeks
weight
weiss
welch
well
wells
wendy
werner
wesley
west
western
wgarcia
wgonzalez
wgreen
whall
wharris
what
whatever
wheeler
when
where
whernandez
whether
which
while
whitaker
white
whitehead
whitney
who
whole
whom
whose
why
wide
wife
wiggins
wilcox
wiley
wilkerson
wilkins
wilkinson
will
william
william15
william55
william62
william95
williamjohnson
williams
williamschristopher
williamsdaniel
williamsdavid
williamsjames
williamsjennifer
williamsjessica
williamsjohn
williamsjoseph
williamslisa
williamsmatthew
williamsmichael
williamsmith
williamson
williamsrobert
williamswilliam
williamwilliams
willie
willis
wilson
wilsonjames
wilsonmichael
win
wind
window
winters
wise
wish
with
within
without
wjackson
wjohnson
wjones
wking
wlee
wlewis
wlopez
wmartin
wmartinez
wmiller
wmoore
wnelson
wolf
wolfe
woman
wonder
wong
wood
woodard
woods
woodward
word
work
worker
world
worry
would
wperez
wphillips
wramirez
wright
write
writer
wroberts
wrobinson
wrodriguez
wrong
wsanchez
wscott
wsmith
wtaylor
wthomas
wthompson
wtorres
wu
wwalker
wwhite
wwilliams
wwilson
wwright
wyatt
wyoung
xadams
xallen
xanderson
xavier
xbailey
xbaker
xbrown
xclark
xdavis
xevans
xgarcia
xgonzalez
xhall
xharris
xhernandez
xjackson
xjohnson
xjones
xking
xlee
xlewis
xlopez
xmartin
xmartinez
xmiller
xmoore
xmorgan
xperez
xramirez
xrobinson
xrodriguez
xsanchez
xscott
xsmith
xtaylor
xthomas
xthompson
xwalker
xwhite
xwilliams
xwilson
xwright
yadams
yallen
yanderson
yang
yard
yates
ybaker
ybrown
ycampbell
ycarter
yclark
ycooper
ydavis
yeah
year
yes
yesenia
yet
ygarcia
ygonzalez
ygreen
yhall
yharris
yhernandez
yhill
yjackson
yjohnson
yjones
yking
ylee
ylewis
ylopez
ymartin
ymartinez
ymiller
ymitchell
ymoore
ymorris
ynelson
yoder
yolanda
york
you
young
your
yourself
yperez
yramirez
yrobinson
yrodriguez
ysanchez
yscott
ysmith
ytaylor
ythomas
ythompson
ytorres
yu
yvette
yvonne
ywalker
ywhite
ywilliams
ywilson
ywright
yyoung
zachary
zadams
zallen
zamora
zanderson
zavala
zbaker
zbrown
zcarter
zclark
zcollins
zdavis
zevans
zgarcia
zgonzalez
zgreen
zhall
zhang
zharris
zhernandez
zhill
zimmerman
zjackson
zjohnson
zjones
zking
zlee
zlewis
zlopez
zmartin
zmartinez
zmiller
zmitchell
zmoore
zmorgan
znelson
znguyen
zoe
zperez
zramirez
zrobinson
zrodriguez
zsanchez
zscott
zsmith
ztaylor
zthomas
zthompson
zuniga
zwalker
zwhite
zwilliams
zwilson
zwright
zyoung